1        0.000000000e+00         0.000000000e+00        1.608500658e-154
2       -0.000000000e+00         0.000000000e+00         0.000000000e+00
3       -6.398906000e+00        -6.800271500e+01         3.638418000e+00
4        2.736184000e+00        -2.374448600e+01        -7.754562000e+00
5       -4.442367000e+00        -1.009418400e+01         1.223734200e+01
6       -5.083760000e-01        -2.515232800e+01         1.281087000e+00
7       -5.701769000e+00        -1.898529900e+01         1.561154400e+01
8        1.957709000e+00        -7.463637000e+00        -5.499547000e+00
9        5.692302300e+01         5.446883100e+01        -1.431935580e+02
10       5.885870000e+01         2.123820650e+02        -1.865761800e+02
