1	 1.173963700e+01	-5.366472400e+01	-4.072432500e+01
2	 0.000000000e+00	 0.000000000e+00	 0.000000000e+00
3	 4.443025000e+00	-6.387575800e+01	-2.183616600e+01
4	-5.084910000e-01	-2.515209000e+01	 1.280848000e+00
5	-5.702747000e+00	-1.898450900e+01	 1.561189000e+01
6	 0.000000000e+00	 0.000000000e+00	 0.000000000e+00
7	 5.227875000e+00	-2.007635700e+01	-1.484162900e+01
8	-1.791503800e+01	-5.955717400e+01	 3.006961600e+01
9	 0.000000000e+00	 0.000000000e+00	 0.000000000e+00
10	 0.000000000e+00	 0.000000000e+00	 0.000000000e+00
