 8.200000E+02   3.215410E+00
 8.210000E+02   2.855685E+00
 8.220000E+02   3.002300E+00
 8.230000E+02   3.352433E+00
 8.240000E+02   3.878203E+00
 8.250000E+02   3.180632E+00
 8.260000E+02   4.198851E+00
 8.270000E+02   4.206450E+00
 8.280000E+02   3.209180E+00
 8.290000E+02   3.149186E+00
 8.300000E+02   3.382737E+00
 8.310000E+02   2.494305E+00
 8.320000E+02   2.841618E+00
 8.330000E+02   3.522889E+00
 8.340000E+02   2.360044E+00
 8.350000E+02   4.445716E+00
 8.360000E+02   3.043071E+00
 8.370000E+02   3.684966E+00
 8.380000E+02   2.339154E+00
 8.390000E+02   2.891836E+00
 8.400000E+02   2.800562E+00
 8.410000E+02   3.568810E+00
 8.420000E+02   3.685529E+00
 8.430000E+02   3.508166E+00
 8.440000E+02   3.123010E+00
 8.450000E+02   2.583454E+00
 8.460000E+02   3.433965E+00
 8.470000E+02   3.058325E+00
 8.480000E+02   3.181723E+00
 8.490000E+02   3.648802E+00
 8.500000E+02   3.200356E+00
 8.510000E+02   3.366290E+00
 8.520000E+02   4.240160E+00
 8.530000E+02   2.340639E+00
 8.540000E+02   2.560004E+00
 8.550000E+02   3.701948E+00
 8.560000E+02   3.136266E+00
 8.570000E+02   2.667480E+00
 8.580000E+02   2.639360E+00
 8.590000E+02   3.370263E+00
 8.600000E+02   2.857775E+00
 8.610000E+02   1.951074E+00
 8.620000E+02   2.595529E+00
 8.630000E+02   2.270151E+00
 8.640000E+02   3.638963E+00
 8.650000E+02   2.899571E+00
 8.660000E+02   2.274448E+00
 8.670000E+02   3.341345E+00
 8.680000E+02   2.943415E+00
 8.690000E+02   4.338752E+00
 8.700000E+02   3.315381E+00
 8.710000E+02   3.158124E+00
 8.720000E+02   3.216021E+00
 8.730000E+02   3.860856E+00
 8.740000E+02   3.426039E+00
 8.750000E+02   3.884923E+00
 8.760000E+02   3.823798E+00
 8.770000E+02   3.294817E+00
 8.780000E+02   3.413698E+00
 8.790000E+02   2.623643E+00
