1	-1.791512000e+01	-5.955789600e+01	 3.006939700e+01
2	-6.399837000e+00	-6.800176800e+01	 3.638231000e+00
3	 1.174113600e+01	-5.366576600e+01	-4.072433800e+01
4	-5.701683000e+00	-1.898414900e+01	 1.561046100e+01
5	 5.227614000e+00	-2.007636000e+01	-1.484294500e+01
6	 0.000000000e+00	 0.000000000e+00	 0.000000000e+00
7	 4.441764000e+00	-6.387520300e+01	-2.183506100e+01
8	-5.070730000e-01	-2.515133800e+01	 1.280801000e+00
9	 5.692267900e+01	 5.446910400e+01	-1.431936120e+02
10	 5.885868200e+01	 2.123818400e+02	-1.865761210e+02
