     1.125    -1.125     0.048
     1.125    -1.125     0.087
     1.125    -1.125     0.077
     1.125    -1.125     0.076
     1.125    -1.125     0.011
     1.125    -1.125    -0.003
     1.125    -1.125    -0.007
     1.125    -1.125     0.094
     1.125    -1.125     0.078
     1.125    -1.125     0.027
     1.125    -1.125     0.092
     1.125    -1.125     0.107
     1.125    -1.125     0.063
     1.125    -1.125     0.041
     1.125    -1.125     0.025
     1.125    -1.125     0.015
     1.125    -1.125     0.195
     1.125    -1.125     1.746
     1.125    -1.125     1.513
     1.125    -1.125     4.401
     1.125    -1.125     7.600
     1.125    -1.125     7.091
     1.125    -1.125     6.729
     1.125    -1.125     5.773
     1.125    -1.125     5.578
     1.125    -1.125     5.697
     1.125    -1.125     6.075
     1.125    -1.125     5.916
     1.125    -1.125     5.713
     1.125    -1.125     5.828
     1.125    -1.125     5.893
     1.125    -1.125     5.986
     1.125    -1.125     6.539
     1.125    -1.125     8.332
     1.125    -1.125     9.355
     1.125    -1.125     8.745
     1.125    -1.125     5.719
     1.125    -1.125     0.927
     1.125    -1.125     0.104
     1.125    -1.125     0.058
     1.125    -1.125     0.040
     1.125    -1.125    -0.025
     1.125    -1.125    -0.005
     1.125    -1.125     0.129
     1.125    -1.125     0.073
     1.125    -1.125     0.119
     1.125    -1.125     0.115
     1.125    -1.125    -0.002
     1.125    -1.125     0.006
     1.125    -1.125     0.018
