 -20.000     0.048    0.021    0.030
 -18.000     0.087    0.057    0.077
 -16.000     0.077   -0.035    0.013
 -14.000     0.076   -0.025   -0.031
 -12.000     0.011    0.072    0.074
 -10.000    -0.003    0.009    0.055
  -8.000    -0.007    0.034    0.081
  -6.000     0.094    0.038   -0.059
  -4.000     0.078   -0.049    0.014
  -2.000     0.027   -0.079    0.074
   0.000     0.092    0.020   -0.025
   2.000     0.107   -0.031    0.084
   4.000     0.063    0.003   -0.041
   6.000     0.041    0.036   -0.022
   8.000     0.025    0.017    0.015
  10.000     0.015    0.064   -0.007
  12.000     0.195   -0.002   -0.067
  14.000     1.746    0.039    0.033
  16.000     1.513   -0.035    0.032
  18.000     4.401   -0.076   -0.132
  20.000     7.600   -0.135   -0.119
  22.000     7.091   -0.111    0.072
  24.000     6.729   -0.109    0.037
  26.000     5.773   -0.048    0.035
  28.000     5.578   -0.031    0.041
  30.000     5.697    0.011    0.017
  32.000     6.075   -0.014   -0.016
  34.000     5.916    0.048    0.037
  36.000     5.713    0.038    0.047
  38.000     5.828    0.074    0.107
  40.000     5.893   -0.063   -0.006
  42.000     5.986   -0.008   -0.021
  44.000     6.539    0.028   -0.162
  46.000     8.332   -0.061   -0.058
  48.000     9.355   -0.056    0.002
  50.000     8.745   -0.020   -0.081
  52.000     5.719   -0.118   -0.019
  54.000     0.927    0.040    0.012
  56.000     0.104    0.005    0.011
  58.000     0.058   -0.043   -0.026
  60.000     0.040   -0.005    0.016
  62.000    -0.025   -0.032    0.054
  64.000    -0.005   -0.046    0.046
  66.000     0.129   -0.105   -0.028
  68.000     0.073   -0.105    0.049
  70.000     0.119    0.077   -0.032
  72.000     0.115    0.130    0.058
  74.000    -0.002    0.041   -0.017
  76.000     0.006    0.065    0.032
  78.000     0.018   -0.116   -0.090
