     1.125    -1.125     0.021
     1.125    -1.125     0.057
     1.125    -1.125    -0.035
     1.125    -1.125    -0.025
     1.125    -1.125     0.072
     1.125    -1.125     0.009
     1.125    -1.125     0.034
     1.125    -1.125     0.038
     1.125    -1.125    -0.049
     1.125    -1.125    -0.079
     1.125    -1.125     0.020
     1.125    -1.125    -0.031
     1.125    -1.125     0.003
     1.125    -1.125     0.036
     1.125    -1.125     0.017
     1.125    -1.125     0.064
     1.125    -1.125    -0.002
     1.125    -1.125     0.039
     1.125    -1.125    -0.035
     1.125    -1.125    -0.076
     1.125    -1.125    -0.135
     1.125    -1.125    -0.111
     1.125    -1.125    -0.109
     1.125    -1.125    -0.048
     1.125    -1.125    -0.031
     1.125    -1.125     0.011
     1.125    -1.125    -0.014
     1.125    -1.125     0.048
     1.125    -1.125     0.038
     1.125    -1.125     0.074
     1.125    -1.125    -0.063
     1.125    -1.125    -0.008
     1.125    -1.125     0.028
     1.125    -1.125    -0.061
     1.125    -1.125    -0.056
     1.125    -1.125    -0.020
     1.125    -1.125    -0.118
     1.125    -1.125     0.040
     1.125    -1.125     0.005
     1.125    -1.125    -0.043
     1.125    -1.125    -0.005
     1.125    -1.125    -0.032
     1.125    -1.125    -0.046
     1.125    -1.125    -0.105
     1.125    -1.125    -0.105
     1.125    -1.125     0.077
     1.125    -1.125     0.130
     1.125    -1.125     0.041
     1.125    -1.125     0.065
     1.125    -1.125    -0.116
