     1.125    -1.125     0.030
     1.125    -1.125     0.077
     1.125    -1.125     0.013
     1.125    -1.125    -0.031
     1.125    -1.125     0.074
     1.125    -1.125     0.055
     1.125    -1.125     0.081
     1.125    -1.125    -0.059
     1.125    -1.125     0.014
     1.125    -1.125     0.074
     1.125    -1.125    -0.025
     1.125    -1.125     0.084
     1.125    -1.125    -0.041
     1.125    -1.125    -0.022
     1.125    -1.125     0.015
     1.125    -1.125    -0.007
     1.125    -1.125    -0.067
     1.125    -1.125     0.033
     1.125    -1.125     0.032
     1.125    -1.125    -0.132
     1.125    -1.125    -0.119
     1.125    -1.125     0.072
     1.125    -1.125     0.037
     1.125    -1.125     0.035
     1.125    -1.125     0.041
     1.125    -1.125     0.017
     1.125    -1.125    -0.016
     1.125    -1.125     0.037
     1.125    -1.125     0.047
     1.125    -1.125     0.107
     1.125    -1.125    -0.006
     1.125    -1.125    -0.021
     1.125    -1.125    -0.162
     1.125    -1.125    -0.058
     1.125    -1.125     0.002
     1.125    -1.125    -0.081
     1.125    -1.125    -0.019
     1.125    -1.125     0.012
     1.125    -1.125     0.011
     1.125    -1.125    -0.026
     1.125    -1.125     0.016
     1.125    -1.125     0.054
     1.125    -1.125     0.046
     1.125    -1.125    -0.028
     1.125    -1.125     0.049
     1.125    -1.125    -0.032
     1.125    -1.125     0.058
     1.125    -1.125    -0.017
     1.125    -1.125     0.032
     1.125    -1.125    -0.090
