1	-5.079190000e-01	-2.515268300e+01	 1.280749000e+00
2	 5.228478000e+00	-2.007647000e+01	-1.484294200e+01
3	-6.398551000e+00	-6.800288900e+01	 3.637981000e+00
4	 0.000000000e+00	 0.000000000e+00	 0.000000000e+00
5	-1.791643100e+01	-5.955767800e+01	 3.007028500e+01
6	 0.000000000e+00	 0.000000000e+00	 0.000000000e+00
7	 1.173954300e+01	-5.366535200e+01	-4.072332000e+01
8	-5.700583000e+00	-1.898422200e+01	 1.561062700e+01
9	 5.692311300e+01	 5.446891100e+01	-1.431935220e+02
10	 5.885879000e+01	 2.123821450e+02	-1.865761440e+02
